%YAML:1.0
---
# 39.2cm baseline parallel Arducam calibration (poor calibration quality due to too small chessboard used!)
# Calibration file generated on 2021-03-22 17:49:55 with calibration flags +use_intrinsic_guess+zero_tangent_dist+rational_model+thin_prism_model+tilted_model+same_focal_length
reprojection_error: 1.4632845803487526e-01
epipolar_error: 9.3507753050882755e-02
image_width: 640
image_height: 400
left_camera_matrix: !!opencv-matrix
   rows: 3
   cols: 3
   dt: d
   data: [ 4.4763850940172597e+02, 0., 3.1983549864316876e+02, 0.,
       4.4750898784972190e+02, 2.0026811076730729e+02, 0., 0., 1. ]
left_distortion_coefficients: !!opencv-matrix
   rows: 1
   cols: 14
   dt: d
   data: [ -9.8188536280307670e-01, 6.2195238700231865e+00, 0., 0.,
       -1.0951614639716700e+01, -1.0316370769919352e+00,
       6.2262813666016683e+00, -1.0843628658846118e+01,
       -2.7296350350265638e-04, 1.5717054259415735e-03,
       3.6339333717826977e-03, -2.2579901528169705e-03,
       1.6486969500581559e-02, -7.2040913357331159e-03 ]
right_camera_matrix: !!opencv-matrix
   rows: 3
   cols: 3
   dt: d
   data: [ 4.4763850940172597e+02, 0., 3.2512561830171325e+02, 0.,
       4.4750898784972190e+02, 2.0457136522953866e+02, 0., 0., 1. ]
right_distortion_coefficients: !!opencv-matrix
   rows: 1
   cols: 14
   dt: d
   data: [ 1.6663823802413493e+01, 4.3302329052125678e+01, 0., 0.,
       -8.0774579454718491e+01, 1.6684860147940388e+01,
       4.1573738782351278e+01, -7.8479788740179259e+01,
       1.9293584460286775e-03, -4.7468033982010858e-03,
       7.2041232203216930e-04, 9.7656357503548685e-04,
       1.8164091679962819e-02, -1.6564804846582092e-02 ]
R: !!opencv-matrix
   rows: 3
   cols: 3
   dt: d
   data: [ 9.9972520348965455e-01, 2.3045688176298720e-02,
       -4.2911261982767858e-03, -2.3067737199676842e-02,
       9.9972057910211665e-01, -5.1617071027967908e-03,
       4.1709720755930763e-03, 5.2592752551300264e-03,
       9.9997747125409553e-01 ]
T: !!opencv-matrix
   rows: 3
   cols: 1
   dt: d
   data: [ -3.9265649914589301e-01, 2.0322233755456806e-03,
       -5.0020800926874531e-03 ]
E: !!opencv-matrix
   rows: 3
   cols: 3
   dt: d
   data: [ -1.0691032207908082e-04, 5.0113704290885739e-03,
       2.0063583197584486e-03, -3.3629462452958577e-03,
       1.9498122316750331e-03, 3.9266911764432760e-01,
       7.0260320043887565e-03, -3.9259361670055937e-01,
       2.0354983675682325e-03 ]
F: !!opencv-matrix
   rows: 3
   cols: 3
   dt: d
   data: [ 7.2318254669299529e-08, -3.3908648711517152e-06,
       4.8427041314237359e-05, 2.2754846100688709e-06,
       -1.3196915817287860e-06, -1.1939807445118317e-01,
       -2.6164933572008111e-03, 1.2028414568684612e-01, 1. ]
