%YAML:1.0
---
# SailMAV calib file -- resulting image is 363x621 assuming default alpha
# Calibration file generated on 2021-05-26 12:16:37 with calibration flags +zero_tangent_dist+rational_model+thin_prism_model+tilted_model+fix_intrinsic
reprojection_error: 3.3646033600968916e-01
epipolar_error: 7.3206146150001883e-01
image_width: 640
image_height: 400
left_camera_matrix: !!opencv-matrix
   rows: 3
   cols: 3
   dt: d
   data: [ 4.4831991892186602e+02, 0., 3.1000327066412069e+02, 0.,
       4.4721291997647450e+02, 1.7709559762332972e+02, 0., 0., 1. ]
left_distortion_coefficients: !!opencv-matrix
   rows: 1
   cols: 14
   dt: d
   data: [ 4.8884053930630254e+00, -4.2557357289070509e+01, 0., 0.,
       1.8401141328363789e+02, 4.7708156808724480e+00,
       -4.1877326337154983e+01, 1.8160460622406998e+02,
       -1.0697382747024457e-03, 1.4311427767036160e-03,
       -4.5581904380989436e-03, 1.0417858382178789e-02,
       -5.5871710055186735e-02, 2.4943020974331126e-02 ]
right_camera_matrix: !!opencv-matrix
   rows: 3
   cols: 3
   dt: d
   data: [ 4.5384079626803248e+02, 0., 3.3430888685504669e+02, 0.,
       4.5314329594327057e+02, 2.1286272269952843e+02, 0., 0., 1. ]
right_distortion_coefficients: !!opencv-matrix
   rows: 1
   cols: 14
   dt: d
   data: [ -4.2963203229996223e+00, -3.2185240155202175e+00, 0., 0.,
       2.4732123876985863e+01, -4.3423583380967870e+00,
       -2.9228153608066982e+00, 2.4230029678573974e+01,
       -7.4858166704832902e-04, 6.2041040318009015e-03,
       5.3954981248370473e-04, -1.1361753148385616e-03,
       4.2359359989937541e-02, -3.3903965855482131e-02 ]
R: !!opencv-matrix
   rows: 3
   cols: 3
   dt: d
   data: [ 9.9984818700292044e-01, 1.8026774043312828e-03,
       -1.7330704000386367e-02, -3.1398094526821820e-03,
       9.9699212442542318e-01, -7.7439301587000076e-02,
       1.7138977319955298e-02, 7.7481960402776440e-02,
       9.9684642812650359e-01 ]
T: !!opencv-matrix
   rows: 3
   cols: 1
   dt: d
   data: [ -3.9095208082543847e-01, 1.3099546066713024e-02,
       3.6777575362869970e-02 ]
E: !!opencv-matrix
   rows: 3
   cols: 3
   dt: d
   data: [ 3.3998740171017460e-04, -3.5651974482608435e-02,
       1.5906265456845380e-02, 4.3472510895385334e-02,
       3.0358031749992416e-02, 3.8908180406699666e-01,
       -1.1870042346442775e-02, -3.8979975986639515e-01,
       3.0502080448527990e-02 ]
F: !!opencv-matrix
   rows: 3
   cols: 3
   dt: d
   data: [ 2.0567259800656285e-07, -2.1620756705538680e-05,
       8.0790796360075637e-03, 2.6338819608225084e-05,
       1.8438640076757901e-05, 9.4253793280463877e-02,
       -8.9341988462188302e-03, -1.0398025687391545e-01, 1. ]
R1: !!opencv-matrix
   rows: 3
   cols: 3
   dt: d
   data: [ 9.9340018557361554e-01, -3.8699707337555483e-02,
       -1.0797408927281525e-01, 3.4460670918045777e-02,
       9.9857069132369902e-01, -4.0853844240020136e-02,
       1.0940079278590480e-01, 3.6863356891325395e-02,
       9.9331392794852025e-01 ]
R2: !!opencv-matrix
   rows: 3
   cols: 3
   dt: d
   data: [ 9.9505087840707085e-01, -3.3340952663292706e-02,
       -9.3606251163160237e-02, 3.6963566043990696e-02,
       9.9862260815657511e-01, 3.7236826715909117e-02,
       9.2235807399448200e-02, -4.0512557979757106e-02,
       9.9491270394909948e-01 ]
P1: !!opencv-matrix
   rows: 3
   cols: 4
   dt: d
   data: [ 4.5017810795987253e+02, 0., 3.9217017936706543e+02, 0., 0.,
       4.5017810795987253e+02, 1.9625859832763672e+02, 0., 0., 0., 1.,
       0. ]
P2: !!opencv-matrix
   rows: 3
   cols: 4
   dt: d
   data: [ 4.5017810795987253e+02, 0., 3.9217017936706543e+02,
       -1.7687343619124067e+02, 0., 4.5017810795987253e+02,
       1.9625859832763672e+02, 0., 0., 0., 1., 0. ]
Q: !!opencv-matrix
   rows: 4
   cols: 4
   dt: d
   data: [ 1., 0., 0., -3.9217017936706543e+02, 0., 1., 0.,
       -1.9625859832763672e+02, 0., 0., 0., 4.5017810795987253e+02, 0.,
       0., 2.5451990850289521e+00, 0. ]
