%YAML:1.0
---
# Calibration file generated on 2021-05-21 22:54:44 with calibration flags +zero_tangent_dist+rational_model+thin_prism_model+tilted_model+fix_intrinsic
reprojection_error: 2.0969544514333341e-01
epipolar_error: 1.9756492584470720e-01
image_width: 640
image_height: 400
left_camera_matrix: !!opencv-matrix
   rows: 3
   cols: 3
   dt: d
   data: [ 4.6057454697327478e+02, 0., 3.1446566306532122e+02, 0.,
       4.6035874673473540e+02, 1.9609861719494751e+02, 0., 0., 1. ]
left_distortion_coefficients: !!opencv-matrix
   rows: 1
   cols: 14
   dt: d
   data: [ 4.1854472545081968e+01, 1.9983049018909234e+01, 0., 0.,
       -1.3570588942250135e+01, 4.1844540974664305e+01,
       1.7550694390332538e+01, -1.0584720784764455e+01,
       -1.5710737292574967e-03, 1.7197533918288377e-03,
       3.4899930460557346e-03, -5.7724251502484531e-04,
       6.6788968547766394e-03, 3.9687567267823769e-04 ]
right_camera_matrix: !!opencv-matrix
   rows: 3
   cols: 3
   dt: d
   data: [ 4.6113103930140636e+02, 0., 3.1751041286878541e+02, 0.,
       4.6088232229951433e+02, 1.9831495166938100e+02, 0., 0., 1. ]
right_distortion_coefficients: !!opencv-matrix
   rows: 1
   cols: 14
   dt: d
   data: [ 1.3484428887606201e+01, 2.5131268943014312e+01, 0., 0.,
       -6.0333543396648928e+01, 1.3465042869180744e+01,
       2.4035731690268566e+01, -5.8721198840312567e+01,
       -1.8142144729619606e-03, 2.6728377821218087e-03,
       8.1246915835755842e-04, -1.4721089764459841e-03,
       5.0707514791139491e-03, 1.1170284389347477e-02 ]
R: !!opencv-matrix
   rows: 3
   cols: 3
   dt: d
   data: [ 9.9984968635297344e-01, 1.6372270094699378e-02,
       5.7055649857740646e-03, -1.6333523185473407e-02,
       9.9984366064051555e-01, -6.7727614252413963e-03,
       -5.8155584607397157e-03, 6.6785514087897516e-03,
       9.9996078734661886e-01 ]
T: !!opencv-matrix
   rows: 3
   cols: 1
   dt: d
   data: [ -3.9576014504976831e-01, -5.3666554454909817e-04,
       8.2757073681026180e-03 ]
E: !!opencv-matrix
   rows: 3
   cols: 3
   dt: d
   data: [ 1.3829246802128721e-04, -8.2779976977420053e-03,
       -4.8059510883984675e-04, 5.9728971563786371e-03,
       2.7785965905202364e-03, 3.9579184383057037e-01,
       7.0007423814505724e-03, -3.9568948572893586e-01,
       2.6834510241810611e-03 ]
F: !!opencv-matrix
   rows: 3
   cols: 3
   dt: d
   data: [ -1.7988494203936310e-07, 1.0772713726637866e-05,
       -1.7680241549420769e-03, -7.7734825109410820e-06,
       -3.6179255180903133e-06, -2.3409119734212136e-01,
       -2.6004692139529797e-03, 2.3475059948176202e-01, 1. ]
R1: !!opencv-matrix
   rows: 3
   cols: 3
   dt: d
   data: [ 9.9972967694870496e-01, 1.7584580509947059e-02,
       -1.5210376600438580e-02, -1.7636958854474614e-02,
       9.9983895686979385e-01, -3.3163244545626352e-03,
       1.5149610899410842e-02, 3.5836927618799670e-03,
       9.9987881587509631e-01 ]
R2: !!opencv-matrix
   rows: 3
   cols: 3
   dt: d
   data: [ 9.9978051964438108e-01, 1.3557397421530349e-03,
       -2.0906327017505534e-02, -1.2835958304858264e-03,
       9.9999317703839952e-01, 3.4638502265703862e-03,
       2.0910880453852088e-02, -3.4362547053004289e-03,
       9.9977543840216676e-01 ]
P1: !!opencv-matrix
   rows: 3
   cols: 4
   dt: d
   data: [ 4.6062053451712484e+02, 0., 3.2648595428466797e+02, 0., 0.,
       4.6062053451712484e+02, 1.9817056274414062e+02, 0., 0., 0., 1.,
       0. ]
P2: !!opencv-matrix
   rows: 3
   cols: 4
   dt: d
   data: [ 4.6062053451712484e+02, 0., 3.2648595428466797e+02,
       -1.8233526856298522e+02, 0., 4.6062053451712484e+02,
       1.9817056274414062e+02, 0., 0., 0., 1., 0. ]
Q: !!opencv-matrix
   rows: 4
   cols: 4
   dt: d
   data: [ 1., 0., 0., -3.2648595428466797e+02, 0., 1., 0.,
       -1.9817056274414062e+02, 0., 0., 0., 4.6062053451712484e+02, 0.,
       0., 2.5262284041225400e+00, 0. ]
