image_width: 621
image_height: 363
camera_name: arducamR
camera_matrix:
  rows: 3
  cols: 3
  data: [ 4.5384079626803248e+02, 0., 3.3430888685504669e+02, 0.,
       4.5314329594327057e+02, 2.1286272269952843e+02, 0., 0., 1. ]
distortion_model: plumb_bob
distortion_coefficients:
  rows: 1
  cols: 5
  data: [ 0, 0, 0 ,0 ,0 ]
rectification_matrix:
  rows: 3
  cols: 3
  data: [ 9.9505087840707085e-01, -3.3340952663292706e-02,
       -9.3606251163160237e-02, 3.6963566043990696e-02,
       9.9862260815657511e-01, 3.7236826715909117e-02,
       9.2235807399448200e-02, -4.0512557979757106e-02,
       9.9491270394909948e-01 ]
projection_matrix:
  rows: 3
  cols: 4
  data: [ 4.5017810795987253e+02, 0., 3.9217017936706543e+02,
       -1.7687343619124067e+02, 0., 4.5017810795987253e+02,
       1.9625859832763672e+02, 0., 0., 0., 1., 0. ]