image_width: 621
image_height: 363
camera_name: arducamL
camera_matrix:
  rows: 3
  cols: 3
  data: [ 4.4831991892186602e+02, 0., 3.1000327066412069e+02, 0.,
       4.4721291997647450e+02, 1.7709559762332972e+02, 0., 0., 1. ]
distortion_model: plumb_bob
distortion_coefficients:
  rows: 1
  cols: 5
  data: [ 0, 0, 0, 0, 0 ]
rectification_matrix:
  rows: 3
  cols: 3
  data: [ 9.9340018557361554e-01, -3.8699707337555483e-02,
       -1.0797408927281525e-01, 3.4460670918045777e-02,
       9.9857069132369902e-01, -4.0853844240020136e-02,
       1.0940079278590480e-01, 3.6863356891325395e-02,
       9.9331392794852025e-01 ]
projection_matrix:
  rows: 3
  cols: 4
  data: [ 4.5017810795987253e+02, 0., 3.9217017936706543e+02, 0., 0.,
       4.5017810795987253e+02, 1.9625859832763672e+02, 0., 0., 0., 1.,
       0. ]