image_width: 631
image_height: 384
camera_name: arducamR
camera_matrix:
  rows: 3
  cols: 3
  data: [ 4.6113103930140636e+02, 0., 3.1751041286878541e+02, 0.,
       4.6088232229951433e+02, 1.9831495166938100e+02, 0., 0., 1. ]
distortion_model: plumb_bob
distortion_coefficients:
  rows: 1
  cols: 5
  data: [ 5.7214370969400540e-02, -6.5931318024213564e-02,
       1.3298408664203876e-04, -7.7673009652970209e-04,
       9.2861118669205593e-03 ]
rectification_matrix:
  rows: 3
  cols: 3
  data: [0.9999054781124129, -0.005175086342325178, 0.01273786960744715, 0.005142747229863342, 0.9999834728109172, 0.002570263789460139, -0.01275096042330064, -0.002504513199637108, 0.9999155666464625]
projection_matrix:
  rows: 3
  cols: 4
  data: [447.5089878497219, 0, 318.5685997009277, -175.7339232075284, 0, 447.5089878497219, 204.7339744567871, 0, 0, 0, 1, 0]