image_width: 631
image_height: 384
camera_name: arducamL
camera_matrix:
  rows: 3
  cols: 3
  data: [ 4.6057454697327478e+02, 0., 3.1446566306532122e+02, 0.,
       4.6035874673473540e+02, 1.9609861719494751e+02, 0., 0., 1. ]
distortion_model: plumb_bob
distortion_coefficients:
  rows: 1
  cols: 5
  data: [ 4.8826397666584739e-02, -5.5008661241979347e-02,
       2.1738857430073370e-03, 1.9634959596739033e-03,
       -1.5870828985034406e-03 ]
rectification_matrix:
  rows: 3
  cols: 3
  data: [0.9998032144065182, 0.01793686150172083, 0.008473574326222921, -0.01791530143545124, 0.9998360924048521, -0.002613484087014724, -0.00851906314513853, 0.002461163152707616, 0.9999606833466328]
projection_matrix:
  rows: 3
  cols: 4
  data: [447.5089878497219, 0, 318.5685997009277, 0, 0, 447.5089878497219, 204.7339744567871, 0, 0, 0, 1, 0]