image_width: 628
image_height: 383
camera_name: arducam
camera_matrix:
  rows: 3
  cols: 3
  data: [4.4763850940172597e+02, 0., 3.1983549864316876e+02, 0., 4.4750898784972190e+02, 2.0026811076730729e+02, 0., 0., 1.]
distortion_model: plumb_bob
distortion_coefficients:
  rows: 1
  cols: 5
  data: [0.0, 0.0, 0.0, 0.0, 0]
rectification_matrix:
  rows: 3
  cols: 3
  data: [1, 0, 0, 0, 1, 0, 0, 0, 1]
projection_matrix:
  rows: 3
  cols: 4
  data: [4827.94, 0, 1223.5, 0, 0, 4835.62, 1024.5, 0, 0, 0, 1, 0]